%% Procedure 2: Input Data Initialization
% -------------------------------------------------------------------------
% Description: 
%   This script initializes the required experimental data for the spectral 
%   combination method in Procedure 2.
% 
% Instructions:
%   Replace the data arrays below with your actual experimental data. 
%   Data should be formatted as N x 2 matrices where:
%   - Column 1: Wavelength (nm)
%   - Column 2: Measured Reflectance / Intensity
% -------------------------------------------------------------------------

% 1. Spectral reflectance obtained by Deuterium-Halogen (DH) lamp
r_DHlamp = [250	13.55269
251	12.22406
252	14.08955
253	12.46528
254	13.44111
255	14.70281
256	14.81638
257	15.0905
258	16.29249
259	16.04825
260	15.57044
261	16.77122
262	16.85492
263	16.16595
264	18.39779
265	17.63867
266	18.31351
267	17.65328
268	19.42622
269	19.36003
270	19.4309
271	19.25737
272	19.60316
273	19.21011
274	21.25901
275	22.36427
276	22.39837
277	21.82263
278	23.06789
279	23.36008
280	24.21739
281	23.90327
282	23.9786
283	25.11295
284	24.79292
285	24.96372
286	25.72959
287	25.51333
288	24.73553
289	27.10867
290	26.06815
291	26.13796
292	25.85292
293	26.06078
294	25.0971
295	25.52452
296	25.81798
297	27.05409
298	26.42252
299	26.54588
300	26.57771
301	26.22657
302	26.5369
303	26.93947
304	26.20808
305	27.29261
306	26.43458
307	27.7017
308	26.67691
309	27.22139
310	27.14916
311	27.13497
312	27.34111
313	27.55714
314	28.25332
315	27.63317
316	27.72165
317	27.60768
318	27.7461
319	26.8272
320	27.19824
321	26.61582
322	26.88768
323	27.06522
324	27.1832
325	27.04385
326	26.85066
327	27.34387
328	27.45196
329	27.27144
330	27.26699
331	27.78309
332	27.45737
333	27.50867
334	27.88743
335	27.90135
336	27.22677
337	27.34613
338	28.22413
339	27.56655
340	28.34535
341	28.29894
342	28.12667
343	28.2893
344	27.72741
345	28.04908
346	27.95747
347	27.76383
348	27.84473
349	27.80945
350	28.33445
351	28.00669
352	27.36045
353	27.80328
354	28.15088
355	28.66124
356	28.56826
357	28.36987
358	28.14573
359	28.48421
360	28.33549
361	28.66139
362	28.48213
363	28.68029
364	28.38867
365	28.73563
366	28.53083
367	28.34754
368	29.043
369	28.74733
370	29.10988
371	29.24784
372	28.88644
373	29.10823
374	29.02619
375	29.16214
376	29.43191
377	29.96343
378	29.26396
379	29.33443
380	29.30287
381	29.07761
382	29.0134
383	29.86333
384	29.68257
385	29.71356
386	29.54351
387	29.76929
388	29.95317
389	30.17258
390	29.99656
391	30.37362
392	30.54885
393	30.78943
394	31.091
395	31.15938
396	31.04091
397	31.40172
398	31.00902
399	31.42942
400	31.60689
401	31.12226
402	31.41266
403	31.08364
404	30.80106
405	31.15037
406	31.02675
407	30.87649
408	31.3214
409	31.69605
410	31.95241
411	32.6492
412	32.52389
413	32.92054
414	33.08475
415	33.54775
416	33.85708
417	34.43696
418	34.04464
419	34.67313
420	34.25897
421	34.37152
422	34.33346
423	34.23546
424	34.03279
425	34.47661
426	34.8778
427	34.47416
428	34.44598
429	34.53312
430	34.02784
431	34.04738
432	34.47984
433	34.18628
434	35.09847
435	35.41012
436	36.15015
437	36.60906
438	37.83314
439	39.06367
440	40.2682
441	40.23709
442	40.73733
443	41.97817
444	42.07713
445	41.92267
446	42.81048
447	42.46992
448	42.60732
449	43.52594
450	44.93569
451	46.43957
452	48.60601
453	48.82914
454	51.23782
455	53.29028
456	54.34596
457	55.90965
458	57.57501
459	58.53367
460	61.11595
461	62.86948
462	65.70941
463	67.38527
464	69.84564
465	72.72242
466	77.10683
467	80.40933
468	83.28963
469	88.0022
470	93.04793
471	99.0378
472	105.29514
473	112.29165
474	119.53103
475	126.4944
476	136.79606
477	146.29422
478	155.46773
479	165.37355
480	175.60642
481	186.94675
482	198.33119
483	211.63104
484	223.72452
485	240.5302
486	251.25136
487	270.39335
488	286.35518
489	300.3405
490	321.20306
491	339.04448
492	360.68774
493	375.78576
494	395.32656
495	414.02954
496	435.23491
497	456.28411
498	471.6539
499	490.36858
500	505.8693
501	519.73731
502	534.94422
503	549.86234
504	559.41848
505	567.5542
506	589.33264
507	590.03929
508	593.53256
509	602.15883
510	605.91025
511	608.18698
512	613.75514
513	618.35388
514	620.40576
515	611.77465
516	610.38435
517	608.57413
518	607.75562
519	599.12496
520	594.31079
521	589.4375
522	577.57324
523	580.24456
524	575.6828
525	570.90925
526	569.38253
527	562.93832
528	564.12505
529	563.09081
530	561.67748
531	559.14727
532	558.6887
533	560.3472
534	559.40403
535	558.91816
536	557.14873
537	556.75207
538	558.15692
539	549.20893
540	549.27118
541	545.08443
542	544.59975
543	532.75702
544	526.39137
545	521.58433
546	507.86502
547	507.68893
548	491.89212
549	477.39264
550	470.66402
551	456.84977
552	444.7323
553	434.31065
554	427.79048
555	412.03301
556	402.10951
557	392.06453
558	377.69832
559	368.03682
560	356.48312
561	342.82661
562	333.76383
563	323.07842
564	309.97473
565	302.20581
566	291.32952
567	283.68669
568	272.8538
569	266.44564
570	259.93355
571	249.9714
572	243.22237
573	237.1594
574	231.17189
575	224.55485
576	216.01873
577	212.87021
578	208.54438
579	203.19468
580	197.94993
581	193.50633
582	189.80162
583	188.68851
584	184.34174
585	180.25706
586	177.41457
587	174.35184
588	171.41967
589	169.60613
590	168.44004
591	165.5189
592	162.28167
593	161.49065
594	159.36878
595	157.55906
596	153.74531
597	153.79769
598	149.7287
599	149.8806
600	148.21632
601	145.38202
602	143.07327
603	142.46163
604	140.37892
605	138.74863
606	137.34492
607	136.29626
608	134.83254
609	133.08014
610	132.57375
611	130.16206
612	128.40202
613	127.8027
614	125.98021
615	125.31035
616	124.15628
617	122.44364
618	122.00643
619	120.58742
620	119.02624
621	119.38114
622	117.91273
623	117.11497
624	116.28916
625	115.39463
626	114.40936
627	114.2203
628	114.04424
629	113.44154
630	110.83409
631	111.3273
632	110.14688
633	110.36808
634	108.84899
635	108.93084
636	108.89693
637	108.41706
638	108.96888
639	107.83017
640	106.84729
641	107.00993
642	106.21916
643	106.34969
644	106.08813
645	105.52572
646	105.11547
647	105.82405
648	105.37439
649	104.14292
650	104.04608
651	105.2452
652	104.09409
653	103.78295
654	103.64177
655	102.66409
656	102.86515
657	102.71316
658	102.75915
659	103.22815
660	102.60603
661	102.80717
662	101.69611
663	101.89453
664	102.79694
665	101.90633
666	102.13833
667	101.803
668	101.62273
669	101.12524
670	101.52874
671	100.90091
672	101.15468
673	101.14352
674	101.14703
675	100.11538
676	100.9429
677	100.38572
678	99.42728
679	100.21317
680	100.26469
681	100.56407
682	99.77838
683	99.92699
684	100.01526
685	100.01391
686	99.84044
687	99.56122
688	100.637
689	99.99691
690	100.21949
691	100.32403
692	100.88956
693	101.67148
694	101.50625
695	100.83547
696	100.04816
697	99.85493
698	99.7381
699	99.85143
700	99.67132
701	100.01845
702	100.09894
703	99.81787
704	99.90511
705	99.25666
706	99.80997
707	99.83712
708	99.6486
709	100.49177
710	100.15205
711	100.44775
712	100.74089
713	100.2022
714	99.95543
715	100.44406
716	99.88832
717	100.14605
718	100.11626
719	100.33216
720	100.09749
721	100.33767
722	99.78746
723	100.64832
724	99.74193
725	100.4339
726	99.93335
727	99.72162
728	100.17485
729	100.01723
730	99.85649
731	99.79574
732	99.79737
733	99.53367
734	99.43247
735	99.57739
736	99.67402
737	99.99849
738	99.93505
739	99.44291
740	99.48627
741	99.68072
742	99.57564
743	98.51661
744	99.17876
745	99.44728
746	99.36475
747	99.40869
748	100.08008
749	99.71451
750	99.9505
751	99.79653
752	100.69233
753	100.02131
754	99.55229
755	99.01006
756	99.5105
757	99.59665
758	99.73211
759	100.29163
760	99.85299
761	99.76756
