%% Procedure 4: Input Data Initialization for Non-linear ESR Fitting
% -------------------------------------------------------------------------
% Description: 
%   This script initializes the required experimental data for the non-linear 
%   fitting of Effective Solar Reflectance (ESR) based on the physical 
%   heat transfer model (ESR = a*T^4 + b*T + c).
% 
% Instructions:
%   Replace the data arrays below with your actual experimental data.
%   ▲ CRITICAL: Ensure that the selected temperature data represents a 
%   steady-state condition, recorded over a sufficient duration after 
%   the system has reached thermal equilibrium.
% -------------------------------------------------------------------------

% 1. Overall solar reflectance of 6 reference samples
% Format: 1 x 6 row vector (e.g., [R1, R2, R3, R4, R5, R6])
R_sol_ref = [0.991,0.9647,0.92904,0.91905,0.85093,0.77846]; 

% 2. Temperature data of reference and PL-RC samples over time
% Format: N x 15 matrix, where N is the number of time points.
% Columns 1-6:   Temperatures of reference samples 1 to 6
% Columns 7-9:   Temperatures of PL-RC (Rare-earth): Red, Green, Blue
% Columns 10-12: Temperatures of PL-RC (Quantum dots): Red, Green, Blue
% Columns 13-15: Temperatures of PL-RC (Organic dyes): Red, Green, Blue
temperature = [28.76	29.96	30.52	31.25	33.19	35.6	32.62	31.69	31.09	34.42	31.89	30.7	33.92	35.69	31.21
28.7	29.95	30.55	31.29	33.16	35.58	32.61	31.7	31.16	34.43	31.86	30.66	33.9	35.72	31.23
28.75	29.99	30.56	31.3	33.21	35.56	32.66	31.71	31.16	34.43	31.92	30.65	33.88	35.68	31.18
28.74	29.98	30.54	31.32	33.18	35.64	32.67	31.7	31.12	34.45	31.92	30.65	33.92	35.67	31.19
28.76	29.94	30.59	31.32	33.2	35.61	32.63	31.7	31.14	34.45	31.89	30.63	33.9	35.68	31.18
28.75	29.94	30.57	31.28	33.19	35.58	32.63	31.7	31.17	34.4	31.85	30.63	33.91	35.66	31.21
28.82	29.92	30.59	31.32	33.16	35.63	32.62	31.74	31.09	34.42	31.86	30.59	33.95	35.72	31.22
28.82	29.92	30.56	31.29	33.14	35.63	32.63	31.75	31.11	34.42	31.87	30.59	33.93	35.68	31.18
28.79	29.95	30.59	31.29	33.16	35.67	32.67	31.75	31.18	34.42	31.89	30.55	33.92	35.67	31.17
28.76	29.89	30.6	31.32	33.2	35.62	32.64	31.78	31.14	34.39	31.87	30.54	33.91	35.69	31.17
28.77	29.96	30.67	31.3	33.15	35.61	32.68	31.76	31.09	34.39	31.87	30.57	33.92	35.66	31.21
28.77	29.95	30.61	31.33	33.25	35.63	32.69	31.76	31.14	34.4	31.84	30.61	33.93	35.67	31.19
28.77	29.95	30.59	31.32	33.15	35.62	32.67	31.73	31.11	34.39	31.92	30.56	33.93	35.63	31.16
28.75	29.93	30.57	31.33	33.14	35.61	32.64	31.75	31.14	34.4	31.92	30.62	33.9	35.67	31.17
28.75	29.89	30.63	31.28	33.2	35.63	32.69	31.76	31.11	34.42	31.9	30.65	33.95	35.67	31.14
28.74	29.89	30.65	31.28	33.23	35.63	32.69	31.71	31.12	34.44	31.91	30.62	33.92	35.64	31.18
28.74	29.92	30.61	31.28	33.2	35.62	32.73	31.71	31.09	34.43	31.92	30.63	33.9	35.62	31.19
28.75	30.03	30.6	31.28	33.25	35.64	32.67	31.68	31.12	34.47	31.89	30.59	33.95	35.63	31.22
28.77	29.95	30.57	31.3	33.23	35.63	32.66	31.68	31.12	34.43	31.95	30.63	33.92	35.66	31.23
28.8	29.96	30.6	31.27	33.19	35.63	32.67	31.73	31.09	34.42	31.94	30.59	33.88	35.66	31.21
28.77	29.98	30.62	31.28	33.19	35.63	32.69	31.7	31.11	34.44	31.92	30.65	33.9	35.68	31.24
28.72	29.95	30.6	31.34	33.21	35.63	32.72	31.69	31.11	34.42	31.94	30.6	33.96	35.69	31.23
28.84	30.04	30.65	31.3	33.18	35.68	32.71	31.69	31.11	34.42	31.94	30.62	33.93	35.63	31.18
28.84	30.01	30.63	31.33	33.18	35.66	32.72	31.66	31.14	34.44	31.92	30.63	33.93	35.64	31.24
28.81	30.06	30.61	31.32	33.19	35.63	32.72	31.66	31.12	34.42	31.9	30.61	33.88	35.68	31.18
28.81	30.11	30.66	31.35	33.18	35.63	32.77	31.65	31.14	34.43	31.91	30.66	33.93	35.67	31.19
28.79	30.09	30.62	31.33	33.19	35.62	32.73	31.68	31.17	34.42	31.89	30.63	33.9	35.64	31.23
28.85	30.03	30.65	31.35	33.23	35.61	32.74	31.65	31.13	34.42	31.9	30.59	33.92	35.64	31.23
28.81	30.08	30.65	31.3	33.21	35.61	32.76	31.69	31.09	34.47	31.94	30.57	33.87	35.64	31.24
28.81	30.06	30.65	31.33	33.2	35.61	32.79	31.63	31.11	34.43	31.96	30.57	33.93	35.66	31.21
28.82	30.03	30.57	31.38	33.23	35.64	32.73	31.64	31.13	34.4	31.91	30.57	33.93	35.67	31.17
28.81	30.03	30.61	31.38	33.23	35.6	32.72	31.73	31.16	34.4	31.91	30.6	33.9	35.69	31.23
28.81	30.01	30.6	31.38	33.21	35.58	32.76	31.7	31.14	34.4	31.9	30.57	33.91	35.68	31.16
28.81	30.03	30.61	31.37	33.2	35.58	32.79	31.66	31.12	34.43	31.89	30.51	33.91	35.66	31.18
28.79	30.03	30.6	31.38	33.19	35.57	32.72	31.66	31.13	34.44	31.92	30.57	33.91	35.68	31.17
28.81	30.04	30.65	31.42	33.2	35.55	32.72	31.66	31.14	34.38	31.91	30.57	33.92	35.68	31.16
28.8	30	30.63	31.4	33.18	35.58	32.73	31.68	31.14	34.47	31.86	30.56	33.95	35.69	31.18
28.77	30.01	30.62	31.38	33.19	35.56	32.72	31.65	31.16	34.47	31.89	30.57	33.95	35.69	31.22
28.8	30.03	30.62	31.39	33.2	35.64	32.71	31.7	31.14	34.48	31.86	30.55	33.91	35.67	31.14
28.79	30.04	30.62	31.37	33.2	35.62	32.76	31.69	31.14	34.48	31.89	30.52	33.92	35.69	31.16
28.77	30.03	30.63	31.37	33.2	35.64	32.68	31.63	31.11	34.47	31.92	30.52	33.95	35.71	31.14
28.81	30.06	30.62	31.37	33.15	35.67	32.74	31.63	31.13	34.48	31.9	30.51	33.93	35.66	31.16
28.81	30.09	30.6	31.37	33.2	35.68	32.72	31.68	31.08	34.52	31.86	30.54	33.91	35.67	31.14
28.8	30.1	30.59	31.4	33.19	35.67	32.76	31.68	31.09	34.49	31.87	30.56	33.9	35.63	31.17
28.8	30.16	30.57	31.42	33.19	35.66	32.72	31.66	31.13	34.47	31.91	30.54	33.95	35.63	31.11
28.77	30.16	30.61	31.35	33.2	35.67	32.76	31.64	31.07	34.48	31.87	30.51	33.95	35.64	31.16
28.75	30.16	30.6	31.42	33.19	35.67	32.74	31.65	31.13	34.47	31.91	30.54	33.96	35.64	31.17
28.81	30.18	30.57	31.42	33.18	35.68	32.79	31.66	31.09	34.5	31.9	30.55	33.96	35.69	31.18
28.77	30.14	30.6	31.4	33.2	35.71	32.76	31.66	31.12	34.49	31.87	30.57	33.95	35.62	31.19
28.8	30.15	30.57	31.4	33.19	35.72	32.77	31.7	31.12	34.45	31.87	30.54	33.9	35.66	31.18
28.77	30.1	30.62	31.38	33.2	35.66	32.82	31.68	31.13	34.48	31.89	30.57	33.95	35.58	31.22
28.82	30.08	30.57	31.43	33.2	35.63	32.76	31.66	31.14	34.47	31.89	30.56	33.93	35.64	31.16
28.82	30.09	30.66	31.4	33.21	35.72	32.73	31.64	31.17	34.44	31.92	30.62	33.92	35.66	31.19
28.82	30.09	30.57	31.38	33.2	35.74	32.74	31.65	31.12	34.42	31.94	30.59	33.97	35.67	31.14
28.82	30.1	30.62	31.43	33.23	35.63	32.73	31.63	31.12	34.43	31.92	30.6	33.96	35.61	31.13
28.79	30.15	30.63	31.4	33.2	35.68	32.71	31.65	31.11	34.43	31.89	30.6	33.96	35.67	31.11
28.8	30.13	30.66	31.39	33.23	35.62	32.73	31.64	31.12	34.42	31.9	30.6	33.96	35.66	31.09
28.84	30.11	30.6	31.42	33.24	35.62	32.73	31.65	31.09	34.43	31.9	30.62	33.95	35.64	31.09
28.82	30.14	30.6	31.43	33.26	35.63	32.71	31.64	31.13	34.39	31.91	30.63	33.96	35.66	31.11
28.82	30.11	30.61	31.44	33.25	35.64	32.72	31.65	31.09	34.43	31.92	30.59	33.96	35.64	31.08
28.84	30.14	30.59	31.43	33.24	35.66	32.72	31.64	31.11	34.44	31.86	30.61	33.98	35.63	31.09
28.82	30.13	30.61	31.45	33.2	35.63	32.77	31.64	31.11	34.45	31.89	30.63	33.98	35.64	31.07
28.84	30.15	30.61	31.4	33.23	35.69	32.74	31.65	31.13	34.47	31.9	30.57	34	35.66	31.07
28.79	30.18	30.61	31.39	33.16	35.71	32.76	31.64	31.17	34.47	31.94	30.55	33.98	35.62	31.13
28.77	30.11	30.57	31.37	33.18	35.68	32.77	31.68	31.13	34.44	31.89	30.59	33.98	35.64	31.14
28.75	30.14	30.59	31.42	33.16	35.68	32.8	31.65	31.12	34.47	31.92	30.59	33.96	35.64	31.16
28.79	30.16	30.62	31.38	33.19	35.72	32.79	31.71	31.16	34.47	31.91	30.56	34.06	35.6	31.16
28.8	30.2	30.59	31.42	33.2	35.68	32.77	31.66	31.09	34.48	31.89	30.56	34.01	35.63	31.14
28.8	30.21	30.59	31.39	33.18	35.74	32.79	31.66	31.12	34.48	31.95	30.59	34	35.62	31.13
28.81	30.18	30.59	31.34	33.18	35.69	32.76	31.73	31.11	34.42	31.91	30.57	34.03	35.64	31.09
28.82	30.24	30.59	31.42	33.21	35.72	32.74	31.69	31.09	34.48	31.92	30.56	34.05	35.62	31.11
28.84	30.18	30.6	31.39	33.21	35.78	32.77	31.71	31.11	34.42	31.9	30.59	34.06	35.66	31.17
28.82	30.2	30.62	31.43	33.23	35.74	32.77	31.69	31.13	34.45	31.9	30.56	34.06	35.62	31.13
28.79	30.28	30.66	31.38	33.21	35.73	32.76	31.69	31.11	34.47	31.89	30.59	34.06	35.64	31.13
