%% Procedure 2: Input Data Initialization
% -------------------------------------------------------------------------
% Description: 
%   This script initializes the required experimental data for the spectral 
%   combination method in Procedure 2.
% 
% Instructions:
%   Replace the data arrays below with your actual experimental data. 
%   Data should be formatted as N x 2 matrices where:
%   - Column 1: Wavelength (nm)
%   - Column 2: Measured Reflectance / Intensity
% -------------------------------------------------------------------------

% 1. Spectral reflectance obtained by Deuterium-Halogen (DH) lamp
r_DHlamp = [250	0.1355269
251	0.1222406
252	0.1408955
253	0.1246528
254	0.1344111
255	0.1470281
256	0.1481638
257	0.150905
258	0.1629249
259	0.1604825
260	0.1557044
261	0.1677122
262	0.1685492
263	0.1616595
264	0.1839779
265	0.1763867
266	0.1831351
267	0.1765328
268	0.1942622
269	0.1936003
270	0.194309
271	0.1925737
272	0.1960316
273	0.1921011
274	0.2125901
275	0.2236427
276	0.2239837
277	0.2182263
278	0.2306789
279	0.2336008
280	0.2421739
281	0.2390327
282	0.239786
283	0.2511295
284	0.2479292
285	0.2496372
286	0.2572959
287	0.2551333
288	0.2473553
289	0.2710867
290	0.2606815
291	0.2613796
292	0.2585292
293	0.2606078
294	0.250971
295	0.2552452
296	0.2581798
297	0.2705409
298	0.2642252
299	0.2654588
300	0.2657771
301	0.2622657
302	0.265369
303	0.2693947
304	0.2620808
305	0.2729261
306	0.2643458
307	0.277017
308	0.2667691
309	0.2722139
310	0.2714916
311	0.2713497
312	0.2734111
313	0.2755714
314	0.2825332
315	0.2763317
316	0.2772165
317	0.2760768
318	0.277461
319	0.268272
320	0.2719824
321	0.2661582
322	0.2688768
323	0.2706522
324	0.271832
325	0.2704385
326	0.2685066
327	0.2734387
328	0.2745196
329	0.2727144
330	0.2726699
331	0.2778309
332	0.2745737
333	0.2750867
334	0.2788743
335	0.2790135
336	0.2722677
337	0.2734613
338	0.2822413
339	0.2756655
340	0.2834535
341	0.2829894
342	0.2812667
343	0.282893
344	0.2772741
345	0.2804908
346	0.2795747
347	0.2776383
348	0.2784473
349	0.2780945
350	0.2833445
351	0.2800669
352	0.2736045
353	0.2780328
354	0.2815088
355	0.2866124
356	0.2856826
357	0.2836987
358	0.2814573
359	0.2848421
360	0.2833549
361	0.2866139
362	0.2848213
363	0.2868029
364	0.2838867
365	0.2873563
366	0.2853083
367	0.2834754
368	0.29043
369	0.2874733
370	0.2910988
371	0.2924784
372	0.2888644
373	0.2910823
374	0.2902619
375	0.2916214
376	0.2943191
377	0.2996343
378	0.2926396
379	0.2933443
380	0.2930287
381	0.2907761
382	0.290134
383	0.2986333
384	0.2968257
385	0.2971356
386	0.2954351
387	0.2976929
388	0.2995317
389	0.3017258
390	0.2999656
391	0.3037362
392	0.3054885
393	0.3078943
394	0.31091
395	0.3115938
396	0.3104091
397	0.3140172
398	0.3100902
399	0.3142942
400	0.3160689
401	0.3112226
402	0.3141266
403	0.3108364
404	0.3080106
405	0.3115037
406	0.3102675
407	0.3087649
408	0.313214
409	0.3169605
410	0.3195241
411	0.326492
412	0.3252389
413	0.3292054
414	0.3308475
415	0.3354775
416	0.3385708
417	0.3443696
418	0.3404464
419	0.3467313
420	0.3425897
421	0.3437152
422	0.3433346
423	0.3423546
424	0.3403279
425	0.3447661
426	0.348778
427	0.3447416
428	0.3444598
429	0.3453312
430	0.3402784
431	0.3404738
432	0.3447984
433	0.3418628
434	0.3509847
435	0.3541012
436	0.3615015
437	0.3660906
438	0.3783314
439	0.3906367
440	0.402682
441	0.4023709
442	0.4073733
443	0.4197817
444	0.4207713
445	0.4192267
446	0.4281048
447	0.4246992
448	0.4260732
449	0.4352594
450	0.4493569
451	0.4643957
452	0.4860601
453	0.4882914
454	0.5123782
455	0.5329028
456	0.5434596
457	0.5590965
458	0.5757501
459	0.5853367
460	0.6111595
461	0.6286948
462	0.6570941
463	0.6738527
464	0.6984564
465	0.7272242
466	0.7710683
467	0.8040933
468	0.8328963
469	0.880022
470	0.9304793
471	0.990378
472	1.0529514
473	1.1229165
474	1.1953103
475	1.264944
476	1.3679606
477	1.4629422
478	1.5546773
479	1.6537355
480	1.7560642
481	1.8694675
482	1.9833119
483	2.1163104
484	2.2372452
485	2.405302
486	2.5125136
487	2.7039335
488	2.8635518
489	3.003405
490	3.2120306
491	3.3904448
492	3.6068774
493	3.7578576
494	3.9532656
495	4.1402954
496	4.3523491
497	4.5628411
498	4.716539
499	4.9036858
500	5.058693
501	5.1973731
502	5.3494422
503	5.4986234
504	5.5941848
505	5.675542
506	5.8933264
507	5.9003929
508	5.9353256
509	6.0215883
510	6.0591025
511	6.0818698
512	6.1375514
513	6.1835388
514	6.2040576
515	6.1177465
516	6.1038435
517	6.0857413
518	6.0775562
519	5.9912496
520	5.9431079
521	5.894375
522	5.7757324
523	5.8024456
524	5.756828
525	5.7090925
526	5.6938253
527	5.6293832
528	5.6412505
529	5.6309081
530	5.6167748
531	5.5914727
532	5.586887
533	5.603472
534	5.5940403
535	5.5891816
536	5.5714873
537	5.5675207
538	5.5815692
539	5.4920893
540	5.4927118
541	5.4508443
542	5.4459975
543	5.3275702
544	5.2639137
545	5.2158433
546	5.0786502
547	5.0768893
548	4.9189212
549	4.7739264
550	4.7066402
551	4.5684977
552	4.447323
553	4.3431065
554	4.2779048
555	4.1203301
556	4.0210951
557	3.9206453
558	3.7769832
559	3.6803682
560	3.5648312
561	3.4282661
562	3.3376383
563	3.2307842
564	3.0997473
565	3.0220581
566	2.9132952
567	2.8368669
568	2.728538
569	2.6644564
570	2.5993355
571	2.499714
572	2.4322237
573	2.371594
574	2.3117189
575	2.2455485
576	2.1601873
577	2.1287021
578	2.0854438
579	2.0319468
580	1.9794993
581	1.9350633
582	1.8980162
583	1.8868851
584	1.8434174
585	1.8025706
586	1.7741457
587	1.7435184
588	1.7141967
589	1.6960613
590	1.6844004
591	1.655189
592	1.6228167
593	1.6149065
594	1.5936878
595	1.5755906
596	1.5374531
597	1.5379769
598	1.497287
599	1.498806
600	1.4821632
601	1.4538202
602	1.4307327
603	1.4246163
604	1.4037892
605	1.3874863
606	1.3734492
607	1.3629626
608	1.3483254
609	1.3308014
610	1.3257375
611	1.3016206
612	1.2840202
613	1.278027
614	1.2598021
615	1.2531035
616	1.2415628
617	1.2244364
618	1.2200643
619	1.2058742
620	1.1902624
621	1.1938114
622	1.1791273
623	1.1711497
624	1.1628916
625	1.1539463
626	1.1440936
627	1.142203
628	1.1404424
629	1.1344154
630	1.1083409
631	1.113273
632	1.1014688
633	1.1036808
634	1.0884899
635	1.0893084
636	1.0889693
637	1.0841706
638	1.0896888
639	1.0783017
640	1.0684729
641	1.0700993
642	1.0621916
643	1.0634969
644	1.0608813
645	1.0552572
646	1.0511547
647	1.0582405
648	1.0537439
649	1.0414292
650	1.0404608
651	1.052452
652	1.0409409
653	1.0378295
654	1.0364177
655	1.0266409
656	1.0286515
657	1.0271316
658	1.0275915
659	1.0322815
660	1.0260603
661	1.0280717
662	1.0169611
663	1.0189453
664	1.0279694
665	1.0190633
666	1.0213833
667	1.01803
668	1.0162273
669	1.0112524
670	1.0152874
671	1.0090091
672	1.0115468
673	1.0114352
674	1.0114703
675	1.0011538
676	1.009429
677	1.0038572
678	0.9942728
679	1.0021317
680	1.0026469
681	1.0056407
682	0.9977838
683	0.9992699
684	1.0001526
685	1.0001391
686	0.9984044
687	0.9956122
688	1.00637
689	0.9999691
690	1.0021949
691	1.0032403
692	1.0088956
693	1.0167148
694	1.0150625
695	1.0083547
696	1.0004816
697	0.9985493
698	0.997381
699	0.9985143
700	0.9967132
701	1.0001845
702	1.0009894
703	0.9981787
704	0.9990511
705	0.9925666
706	0.9980997
707	0.9983712
708	0.996486
709	1.0049177
710	1.0015205
711	1.0044775
712	1.0074089
713	1.002022
714	0.9995543
715	1.0044406
716	0.9988832
717	1.0014605
718	1.0011626
719	1.0033216
720	1.0009749
721	1.0033767
722	0.9978746
723	1.0064832
724	0.9974193
725	1.004339
726	0.9993335
727	0.9972162
728	1.0017485
729	1.0001723
730	0.9985649
731	0.9979574
732	0.9979737
733	0.9953367
734	0.9943247
735	0.9957739
736	0.9967402
737	0.9999849
738	0.9993505
739	0.9944291
740	0.9948627
741	0.9968072
742	0.9957564
