%% Procedure 3: Input Data Initialization for ESR Fitting
% -------------------------------------------------------------------------
% Description: 
%   This script initializes the required experimental data for the empirical 
%   linear fitting of Effective Solar Reflectance (ESR) based on temperature.
% 
% Instructions:
%   Replace the data arrays below with your actual experimental data.
% -------------------------------------------------------------------------

% 1. Overall solar reflectance of 6 reference samples
% Format: 1 x 6 row vector (e.g., [R1, R2, R3, R4, R5, R6])
R_sol_ref = [0.991,0.9647,0.92904,0.91905,0.85093,0.77846]; 

% 2. Temperature data of reference and PL-RC samples over time
% Format: N x 9 matrix, where N is the number of time points.
% Columns 1-6: Temperatures of reference samples 1 to 6
% Column 7: Temperature of PL-RC material with blue-emissive phosphor
% Column 8: Temperature of PL-RC material with green-emissive phosphor
% Column 9: Temperature of PL-RC material with red-emissive phosphor
temperature = [12.89	16.77	17.01	17.53	19.36	19.98	17.27	17.55	18.21
12.89	16.79	17.01	17.51	19.36	19.96	17.28	17.58	18.2
12.91	16.79	16.97	17.58	19.36	20.01	17.29	17.58	18.25
12.9	16.79	16.97	17.51	19.39	19.98	17.27	17.61	18.21
12.93	16.84	17.02	17.6	19.41	19.99	17.29	17.61	18.22
12.95	16.84	16.98	17.59	19.4	20.01	17.32	17.59	18.25
12.97	16.86	16.94	17.58	19.44	20.03	17.29	17.65	18.26
12.96	16.86	17.03	17.61	19.47	20.08	17.35	17.65	18.29
13.02	16.86	17.04	17.61	19.45	20.04	17.36	17.63	18.25
13	16.87	17.04	17.64	19.51	20.12	17.36	17.65	18.29
13.05	16.91	17.07	17.7	19.54	20.17	17.39	17.71	18.34
13.07	16.94	17.08	17.74	19.56	20.18	17.36	17.72	18.34
13.07	16.94	17.08	17.72	19.58	20.2	17.4	17.72	18.38
13.05	16.94	17.07	17.69	19.6	20.22	17.41	17.72	18.36
13.09	16.97	17.1	17.71	19.62	20.25	17.4	17.75	18.36
13.1	16.98	17.09	17.76	19.61	20.29	17.43	17.72	18.41
13.1	16.99	17.1	17.79	19.65	20.32	17.46	17.75	18.43
13.09	17.02	17.13	17.81	19.66	20.37	17.49	17.81	18.46
13.11	17.03	17.19	17.82	19.71	20.35	17.49	17.79	18.46
13.1	17.05	17.18	17.82	19.76	20.43	17.5	17.84	18.49
13.14	17.08	17.19	17.82	19.76	20.42	17.55	17.86	18.51
13.14	17.07	17.2	17.86	19.77	20.47	17.54	17.86	18.52
13.12	17.07	17.2	17.9	19.81	20.51	17.55	17.9	18.54
13.16	17.12	17.25	17.87	19.82	20.5	17.6	17.92	18.58
13.19	17.12	17.27	17.91	19.78	20.5	17.58	17.9	18.57
13.12	17.13	17.2	17.86	19.81	20.47	17.54	17.9	18.56
13.12	17.15	17.2	17.89	19.78	20.48	17.54	17.86	18.53
13.11	17.13	17.27	17.89	19.8	20.49	17.56	17.89	18.56
13.11	17.1	17.22	17.85	19.77	20.48	17.53	17.87	18.51
13.12	17.15	17.23	17.91	19.82	20.53	17.56	17.9	18.58
13.16	17.17	17.24	17.9	19.82	20.49	17.58	17.87	18.57
13.15	17.13	17.19	17.87	19.85	20.49	17.56	17.87	18.53
13.16	17.14	17.24	17.89	19.85	20.51	17.59	17.91	18.57
13.21	17.19	17.29	17.94	19.86	20.63	17.63	17.98	18.61
13.21	17.2	17.3	17.98	19.88	20.58	17.63	17.98	18.62
13.15	17.2	17.32	17.96	19.94	20.6	17.63	17.96	18.59
13.21	17.25	17.29	18	19.93	20.63	17.64	17.97	18.67
13.21	17.25	17.29	18.01	19.94	20.64	17.65	17.97	18.64
13.22	17.25	17.32	18.01	19.94	20.65	17.67	17.98	18.65
13.21	17.25	17.3	18	19.89	20.61	17.67	17.97	18.65
13.19	17.25	17.33	17.97	19.91	20.63	17.64	17.97	18.67
13.15	17.24	17.24	17.96	19.89	20.59	17.61	17.95	18.63
13.19	17.22	17.27	17.96	19.89	20.61	17.63	17.94	18.63
13.21	17.22	17.27	17.95	19.91	20.6	17.64	17.95	18.63
13.16	17.22	17.27	17.96	19.85	20.56	17.59	17.91	18.62
13.21	17.24	17.28	17.96	19.91	20.61	17.63	17.95	18.63
13.22	17.27	17.3	17.97	19.93	20.63	17.65	17.96	18.64
13.2	17.24	17.27	17.96	19.93	20.6	17.61	17.94	18.61
13.22	17.24	17.29	17.97	19.93	20.64	17.66	17.94	18.62
13.26	17.32	17.34	18.01	19.97	20.7	17.67	18	18.68
13.24	17.28	17.32	18	19.96	20.68	17.64	17.97	18.65
13.24	17.29	17.33	18.02	20.01	20.74	17.69	18	18.68
13.25	17.29	17.33	18.01	20.01	20.73	17.67	18	18.68
13.27	17.28	17.32	18.02	19.98	20.7	17.67	18.02	18.67
13.25	17.28	17.38	18.01	20.01	20.73	17.67	17.98	18.72
13.26	17.29	17.32	18.02	20.03	20.75	17.66	18	18.69
13.27	17.34	17.34	18.06	20.04	20.78	17.71	18.05	18.72
13.25	17.33	17.32	18.06	20.06	20.79	17.69	18.03	18.72
13.27	17.34	17.33	18.06	20.04	20.78	17.71	18.05	18.72
13.27	17.33	17.32	18.06	20.04	20.79	17.71	18.03	18.7
13.3	17.38	17.35	18.08	20.08	20.82	17.76	18.1	18.77
13.28	17.35	17.38	18.12	20.11	20.82	17.75	18.03	18.77
13.3	17.36	17.35	18.1	20.09	20.82	17.74	18.07	18.74
13.27	17.36	17.35	18.08	20.09	20.82	17.72	18.06	18.74
13.28	17.34	17.33	18.05	20.07	20.84	17.72	18.03	18.75
13.3	17.39	17.39	18.1	20.12	20.85	17.76	18.06	18.74
13.31	17.39	17.4	18.11	20.14	20.87	17.76	18.08	18.77
13.31	17.38	17.38	18.11	20.12	20.86	17.77	18.1	18.78
13.28	17.36	17.36	18.12	20.12	20.89	17.76	18.08	18.74
13.3	17.38	17.39	18.1	20.09	20.86	17.74	18.06	18.77
13.28	17.36	17.36	18.08	20.09	20.84	17.74	18.03	18.74
13.27	17.39	17.39	18.11	20.12	20.86	17.76	18.05	18.78
13.31	17.36	17.36	18.11	20.13	20.86	17.72	18.06	18.74
13.28	17.4	17.38	18.1	20.13	20.89	17.76	18.08	18.79
13.31	17.4	17.38	18.1	20.11	20.86	17.76	18.06	18.74
13.33	17.43	17.39	18.13	20.16	20.89	17.77	18.1	18.77
13.32	17.45	17.41	18.16	20.19	20.91	17.82	18.11	18.82
13.32	17.41	17.4	18.12	20.16	20.91	17.79	18.12	18.82
13.37	17.45	17.44	18.16	20.18	20.94	17.81	18.12	18.82
13.35	17.48	17.44	18.16	20.18	20.91	17.79	18.11	18.83
13.35	17.49	17.43	18.18	20.19	20.94	17.81	18.11	18.84
13.41	17.49	17.45	18.21	20.19	20.94	17.84	18.16	18.85
13.38	17.49	17.46	18.2	20.17	20.91	17.84	18.13	18.87
13.41	17.5	17.46	18.21	20.19	20.92	17.84	18.13	18.87
13.43	17.5	17.46	18.2	20.18	20.92	17.86	18.16	18.88
13.43	17.54	17.46	18.22	20.19	20.92	17.86	18.13	18.87
13.46	17.51	17.48	18.22	20.2	20.92	17.91	18.21	18.9
13.45	17.5	17.49	18.21	20.19	20.92	17.89	18.17	18.89
13.45	17.54	17.46	18.21	20.23	20.94	17.9	18.21	18.92
13.42	17.48	17.45	18.2	20.18	20.92	17.87	18.17	18.87
13.42	17.49	17.43	18.2	20.18	20.9	17.87	18.17	18.87
13.41	17.48	17.45	18.18	20.19	20.89	17.86	18.13	18.87
13.38	17.46	17.44	18.17	20.16	20.89	17.82	18.12	18.83
13.42	17.45	17.43	18.16	20.14	20.86	17.84	18.11	18.84
13.42	17.45	17.43	18.17	20.13	20.87	17.84	18.13	18.83
13.43	17.46	17.4	18.2	20.14	20.86	17.82	18.15	18.85
13.42	17.46	17.41	18.18	20.14	20.91	17.84	18.15	18.83
13.42	17.48	17.44	18.2	20.18	20.91	17.86	18.15	18.87
13.45	17.46	17.43	18.16	20.14	20.9	17.84	18.16	18.83
13.42	17.48	17.41	18.18	20.14	20.89	17.85	18.13	18.84
13.41	17.46	17.45	18.18	20.18	20.86	17.85	18.13	18.84
13.4	17.45	17.41	18.16	20.12	20.85	17.8	18.11	18.8
13.4	17.45	17.4	18.16	20.12	20.82	17.79	18.11	18.78
13.37	17.41	17.4	18.13	20.11	20.8	17.8	18.1	18.78
13.37	17.43	17.38	18.11	20.07	20.79	17.77	18.08	18.73
13.32	17.36	17.35	18.08	20.03	20.73	17.72	18.05	18.7
13.31	17.38	17.34	18.06	20.01	20.66	17.72	18.01	18.67
13.32	17.36	17.29	18.05	19.98	20.64	17.7	18	18.64
13.32	17.34	17.3	18.03	19.96	20.64	17.71	18	18.63
13.33	17.34	17.32	18.03	19.94	20.59	17.69	17.97	18.61
13.35	17.34	17.32	18.06	19.96	20.6	17.69	17.97	18.63
13.38	17.34	17.32	18.02	19.93	20.6	17.7	17.97	18.63
13.38	17.33	17.32	18.01	19.93	20.6	17.67	17.98	18.63
13.38	17.36	17.32	18.02	19.94	20.6	17.7	17.97	18.61
13.4	17.35	17.33	18.06	19.96	20.63	17.69	17.98	18.62
13.42	17.34	17.33	18.03	19.98	20.64	17.71	18	18.63
13.43	17.38	17.33	18.07	19.98	20.64	17.69	18.01	18.67
13.43	17.35	17.33	18.06	19.98	20.64	17.69	18	18.65
13.42	17.36	17.32	18.06	19.99	20.64	17.71	18	18.64
13.41	17.33	17.34	18.05	19.97	20.63	17.72	18	18.64
13.4	17.36	17.32	18.06	19.97	20.6	17.67	17.97	18.63
13.41	17.36	17.34	18.06	19.94	20.64	17.71	17.98	18.67
13.42	17.35	17.34	18.03	19.93	20.61	17.69	17.97	18.62
13.41	17.34	17.29	18.03	19.94	20.6	17.69	17.97	18.62
13.4	17.33	17.28	18.01	19.92	20.58	17.67	17.97	18.61
13.4	17.29	17.25	18	19.89	20.54	17.65	17.95	18.59
13.37	17.29	17.24	17.98	19.87	20.5	17.63	17.94	18.56
13.37	17.28	17.24	17.96	19.83	20.49	17.61	17.9	18.56
